27 1 1 60 60
112 61 1 60 60
113 121 1 60 60
114 181 1 60 60
115 241 1 60 60
116 301 1 60 60
117 361 1 60 60
118 421 1 60 60
119 481 1 60 60
120 541 1 60 60
121 601 1 60 60
122 661 1 60 60
123 721 1 60 60
44 901 1 60 60
145 961 1 60 60
19 1021 1 60 60
192 1 61 60 60
49 61 61 60 60
50 121 61 60 60
51 181 61 60 60
52 241 61 60 60
53 301 61 60 60
54 361 61 60 60
55 421 61 60 60
56 481 61 60 60
57 541 61 60 60
48 601 61 60 60
189 661 61 60 60
187 721 61 60 60
8 781 61 120 60
45 901 61 60 60
36 961 61 60 60
33 1021 61 60 60
9 1 121 90 60
81 91 121 60 60
87 151 121 60 60
69 211 121 60 60
82 271 121 60 60
84 331 121 60 60
89 391 121 60 60
85 451 121 60 60
73 511 121 60 60
79 571 121 60 60
80 631 121 60 60
219 691 121 60 60
221 751 121 60 60
220 811 121 90 60
46 901 121 60 60
35 961 121 60 60
34 1021 121 60 60
20 1 181 105 60
65 106 181 60 60
83 166 181 60 60
68 226 181 60 60
70 286 181 60 60
71 346 181 60 60
72 406 181 60 60
74 466 181 60 60
75 526 181 60 60
76 586 181 60 60
186 646 181 60 60
222 706 181 60 60
13 766 181 135 60
mouse1 901 181 90 60
mouse2 991 181 90 60
160 1 241 135 60
90 136 241 60 60
88 196 241 60 60
67 256 241 60 60
86 316 241 60 60
66 376 241 60 60
78 436 241 60 60
77 496 241 60 60
188 556 241 60 60
190 616 241 60 60
191 676 241 60 60
161 736 241 165 60
38 961 241 60 60
162 1 301 90 60
91 91 301 60 60
164 151 301 90 60
32 241 301 360 60
165 601 301 90 60
92 691 301 60 60
93 751 301 60 60
163 811 301 90 60
37 901 301 60 60
40 961 301 60 60
39 1021 301 60 60